     1.00000000    3
     2.00000000    3
     3.00000000    3
     4.00000000    3
     5.00000000    3
     6.00000000    3
     7.00000000    3
     8.00000000    3
     9.00000000    3
    10.00000000    3
    11.00000000    3
    12.00000000    3
    13.00000000    3
    14.00000000    3
    15.00000000    3
    16.00000000    3
    17.00000000    3
    18.00000000    3
    19.00000000    3
    20.00000000    3
    21.00000000    3
    22.00000000    3
    23.00000000    3
    24.00000000    3
    25.00000000    3
    26.00000000    3
    27.00000000    3
    28.00000000    3
    29.00000000    3
    30.00000000    3
    31.00000000    3
    32.00000000    3
    33.00000000    3
    34.00000000    3
    35.00000000    2
    36.00000000    3
    37.00000000    2
    38.00000000    3
    39.00000000    3
    40.00000000    3
    41.00000000    3
    42.00000000    3
    43.00000000    3
    44.00000000    3
    45.00000000    3
    46.00000000    3
    47.00000000    3
    48.00000000    3
    49.00000000    3
    50.00000000    3
    51.00000000    3
    52.00000000    3
    53.00000000    3
    54.00000000    3
    55.00000000    3
    56.00000000    2
    57.00000000    3
    58.00000000    2
    59.00000000    3
    60.00000000    3
