        1.0000000000        0.0003662572        0.0000000000
        1.0000000000        0.0003662572        0.0000000000
        1.0000000000        0.0003747416        0.0000000000
        1.0000000000        0.0003747416        0.0000000000
        1.0000000000        0.0003747416        0.0000000000
        1.0000000000        0.0003747416        0.0000000000
        1.0000000000        0.0003747416        0.0000000000
        1.0000000000        0.0003664466        0.0000000000
        1.0000000000        0.0003570829        0.0001474053
        2.0000000000        0.0002103806        0.0005515023
        2.0000000000        0.0002376279        0.0000000000
        2.0000000000        0.0002340796        0.0000000000
        2.0000000000        0.0002341235        0.0000000000
        2.0000000000        0.0002341764        0.0000000000
        2.0000000000        0.0002095861        0.0020816494
        2.0000000000        0.0002340796        0.0000000000
        2.0000000000        0.0002407151        0.0000000000
        2.0000000000        0.0001879944        0.0010223286
        3.0000000000        0.0001398684        0.0025280055
        3.0000000000        0.0001193433        0.0000000000
        3.0000000000        0.0001152688        0.0000000000
        3.0000000000        0.0001152478        0.0000000000
        3.0000000000        0.0001152269        0.0000000000
        3.0000000000        0.0001431314        0.0048051337
        3.0000000000        0.0001152662        0.0000000000
        3.0000000000        0.0001187038        0.0000000000
        3.0000000000        0.0001316013        0.0026449582
        4.0000000000        0.0001228948        0.0043926882
        4.0000000000        0.0000883400        0.0000000000
        4.0000000000        0.0000874869        0.0000000000
        4.0000000000        0.0000874629        0.0000000000
        4.0000000000        0.0000874186        0.0000000000
        4.0000000000        0.0001396797        0.0072983503
        4.0000000000        0.0000874851        0.0000000000
        4.0000000000        0.0000874635        0.0000000000
        4.0000000000        0.0001206333        0.0044129104
        5.0000000000        0.0001146742        0.0060848123
        5.0000000000        0.0000716185        0.0000000000
        5.0000000000        0.0000711963        0.0000000000
        5.0000000000        0.0000711886        0.0000000000
        5.0000000000        0.0000711484        0.0000000000
        5.0000000000        0.0001370739        0.0095165242
        5.0000000000        0.0000711910        0.0000000000
        5.0000000000        0.0000711611        0.0000000000
        5.0000000000        0.0001130445        0.0061013387
        6.0000000000        0.0001083621        0.0077337730
        6.0000000000        0.0000574048        0.0000000000
        6.0000000000        0.0000578514        0.0000000000
        6.0000000000        0.0000578449        0.0000000000
        6.0000000000        0.0000578143        0.0000000000
        6.0000000000        0.0001362993        0.0116585195
        6.0000000000        0.0000578499        0.0000000000
        6.0000000000        0.0000579749        0.0000000000
        6.0000000000        0.0001085713        0.0077446699
        7.0000000000        0.0001066802        0.0093555283
        7.0000000000        0.0000483403        0.0000000000
        7.0000000000        0.0000486814        0.0000000000
        7.0000000000        0.0000486912        0.0000000000
        7.0000000000        0.0000486568        0.0000000000
        7.0000000000        0.0001374157        0.0137180751
        7.0000000000        0.0000486771        0.0000000000
        7.0000000000        0.0000487658        0.0000000000
        7.0000000000        0.0001067974        0.0093534123
        8.0000000000        0.0001062756        0.0109278448
        8.0000000000        0.0000419230        0.0000000000
        8.0000000000        0.0000419609        0.0000000000
        8.0000000000        0.0000419888        0.0000000000
        8.0000000000        0.0000419809        0.0000000000
        8.0000000000        0.0001392824        0.0156938788
        8.0000000000        0.0000419548        0.0000000000
        8.0000000000        0.0000419851        0.0000000000
        8.0000000000        0.0001063062        0.0109224981
        9.0000000000        0.0001065645        0.0124580218
        9.0000000000        0.0000368331        0.0000000000
        9.0000000000        0.0000368720        0.0000000000
        9.0000000000        0.0000368554        0.0000000000
        9.0000000000        0.0000367993        0.0000000000
        9.0000000000        0.0001414135        0.0175876170
        9.0000000000        0.0000368673        0.0000000000
        9.0000000000        0.0000367965        0.0000000000
        9.0000000000        0.0001069484        0.0124505563
       10.0000000000        0.0001072303        0.0139457034
       10.0000000000        0.0000327247        0.0000000000
       10.0000000000        0.0000327287        0.0000000000
       10.0000000000        0.0000328126        0.0000000000
       10.0000000000        0.0000327546        0.0000000000
       10.0000000000        0.0001435836        0.0193996709
       10.0000000000        0.0000327182        0.0000000000
       10.0000000000        0.0000324363        0.0000000000
       10.0000000000        0.0001066646        0.0139384437
       11.0000000000        0.0001086623        0.0153916664
       11.0000000000        0.0000293569        0.0000000000
       11.0000000000        0.0000294544        0.0000000000
       11.0000000000        0.0000294947        0.0000000000
       11.0000000000        0.0000294601        0.0000000000
       11.0000000000        0.0001456667        0.0211321432
       11.0000000000        0.0000294525        0.0000000000
       11.0000000000        0.0000292959        0.0000000000
       11.0000000000        0.0001079160        0.0153855160
       12.0000000000        0.0001098558        0.0167918578
       12.0000000000        0.0000266942        0.0000000000
       12.0000000000        0.0000266336        0.0000000000
       12.0000000000        0.0000267619        0.0000000000
       12.0000000000        0.0000266192        0.0000000000
       12.0000000000        0.0001475467        0.0227844305
       12.0000000000        0.0000266277        0.0000000000
       12.0000000000        0.0000265819        0.0000000000
       12.0000000000        0.0001091564        0.0167894233
       13.0000000000        0.0001106244        0.0181501433
       13.0000000000        0.0000244226        0.0000000000
       13.0000000000        0.0000244202        0.0000000000
       13.0000000000        0.0000245544        0.0000000000
       13.0000000000        0.0000244335        0.0000000000
       13.0000000000        0.0001491999        0.0243589673
       13.0000000000        0.0000244185        0.0000000000
       13.0000000000        0.0000243155        0.0000000000
       13.0000000000        0.0001103096        0.0181499943
       14.0000000000        0.0001116268        0.0194685794
       14.0000000000        0.0000225088        0.0000000000
       14.0000000000        0.0000224641        0.0000000000
       14.0000000000        0.0000226079        0.0000000000
       14.0000000000        0.0000224773        0.0000000000
       14.0000000000        0.0001506012        0.0258575603
       14.0000000000        0.0000224625        0.0000000000
       14.0000000000        0.0000223394        0.0000000000
       14.0000000000        0.0001122373        0.0194674972
       15.0000000000        0.0001125797        0.0207445938
       15.0000000000        0.0000208626        0.0000000000
       15.0000000000        0.0000208005        0.0000000000
       15.0000000000        0.0000209642        0.0000000000
       15.0000000000        0.0000207694        0.0000000000
       15.0000000000        0.0001517921        0.0272820145
       15.0000000000        0.0000207997        0.0000000000
       15.0000000000        0.0000207828        0.0000000000
       15.0000000000        0.0001125454        0.0207430180
       16.0000000000        0.0001135629        0.0219796393
       16.0000000000        0.0000194579        0.0000000000
       16.0000000000        0.0000193757        0.0000000000
       16.0000000000        0.0000195561        0.0000000000
       16.0000000000        0.0000193046        0.0000000000
       16.0000000000        0.0001526711        0.0286326874
       16.0000000000        0.0000193751        0.0000000000
       16.0000000000        0.0000193596        0.0000000000
       16.0000000000        0.0001138798        0.0219767597
       17.0000000000        0.0001144950        0.0231742002
       17.0000000000        0.0000183257        0.0000000000
       17.0000000000        0.0000181958        0.0000000000
       17.0000000000        0.0000183656        0.0000000000
       17.0000000000        0.0000181288        0.0000000000
       17.0000000000        0.0001533121        0.0299133845
       17.0000000000        0.0000181916        0.0000000000
       17.0000000000        0.0000182455        0.0000000000
       17.0000000000        0.0001146919        0.0231700763
       18.0000000000        0.0001153340        0.0243276209
       18.0000000000        0.0000172438        0.0000000000
       18.0000000000        0.0000170618        0.0000000000
       18.0000000000        0.0000172549        0.0000000000
       18.0000000000        0.0000169547        0.0000000000
       18.0000000000        0.0001537391        0.0311253071
       18.0000000000        0.0000170619        0.0000000000
       18.0000000000        0.0000171956        0.0000000000
       18.0000000000        0.0001154215        0.0243224297
       19.0000000000        0.0001160658        0.0254399534
       19.0000000000        0.0000163298        0.0000000000
       19.0000000000        0.0000160784        0.0000000000
       19.0000000000        0.0000162810        0.0000000000
       19.0000000000        0.0000159546        0.0000000000
       19.0000000000        0.0001538955        0.0322694778
       19.0000000000        0.0000160780        0.0000000000
       19.0000000000        0.0000162855        0.0000000000
       19.0000000000        0.0001161441        0.0254352354
       20.0000000000        0.0001167095        0.0265127812
       20.0000000000        0.0000155220        0.0000000000
       20.0000000000        0.0000152270        0.0000000000
       20.0000000000        0.0000154380        0.0000000000
       20.0000000000        0.0000150416        0.0000000000
       20.0000000000        0.0001538572        0.0333497114
       20.0000000000        0.0000152320        0.0000000000
       20.0000000000        0.0000155343        0.0000000000
       20.0000000000        0.0001168324        0.0265081227
       21.0000000000        0.0001172511        0.0275459178
       21.0000000000        0.0000148314        0.0000000000
       21.0000000000        0.0000144623        0.0000000000
       21.0000000000        0.0000146769        0.0000000000
       21.0000000000        0.0000142587        0.0000000000
       21.0000000000        0.0001536053        0.0343671553
       21.0000000000        0.0000144639        0.0000000000
       21.0000000000        0.0000149633        0.0000000000
       21.0000000000        0.0001173723        0.0275405478
       22.0000000000        0.0001176727        0.0285395756
       22.0000000000        0.0000142482        0.0000000000
       22.0000000000        0.0000137900        0.0000000000
       22.0000000000        0.0000139806        0.0000000000
       22.0000000000        0.0000134979        0.0000000000
       22.0000000000        0.0001531709        0.0353245251
       22.0000000000        0.0000137955        0.0000000000
       22.0000000000        0.0000147262        0.0000000000
       22.0000000000        0.0001180648        0.0285344981
       23.0000000000        0.0001179864        0.0294943750
       23.0000000000        0.0000137384        0.0000000000
       23.0000000000        0.0000132078        0.0000000000
       23.0000000000        0.0000133839        0.0000000000
       23.0000000000        0.0000128426        0.0000000000
       23.0000000000        0.0001525603        0.0362238921
       23.0000000000        0.0000132092        0.0000000000
       23.0000000000        0.0000154104        0.0000000000
       23.0000000000        0.0001190993        0.0294877514
       24.0000000000        0.0001182181        0.0304119512
       24.0000000000        0.0000133037        0.0000000000
       24.0000000000        0.0000126727        0.0000000000
       24.0000000000        0.0000128320        0.0000000000
       24.0000000000        0.0000122600        0.0000000000
       24.0000000000        0.0001517904        0.0370675623
       24.0000000000        0.0000126726        0.0000000000
       24.0000000000        0.0000187921        0.0000000000
       24.0000000000        0.0001216274        0.0303989295
       25.0000000000        0.0001183939        0.0312940218
       25.0000000000        0.0000129453        0.0000000000
       25.0000000000        0.0000121732        0.0000000000
       25.0000000000        0.0000123394        0.0000000000
       25.0000000000        0.0000116924        0.0000000000
       25.0000000000        0.0001508754        0.0378577933
       25.0000000000        0.0000121721        0.0000000000
       25.0000000000        0.0000299381        0.0000000000
       25.0000000000        0.0001286533        0.0312592648
       26.0000000000        0.0001184382        0.0321389325
       26.0000000000        0.0000126367        0.0000000000
       26.0000000000        0.0000117393        0.0000000000
       26.0000000000        0.0000118865        0.0000000000
       26.0000000000        0.0000111902        0.0000000000
       26.0000000000        0.0001505677        0.0386125185
       26.0000000000        0.0000117282        0.0000000000
       26.0000000000        0.0000622097        0.0000000000
       26.0000000000        0.0001481033        0.0320433639
       27.0000000000        0.0001182985        0.0329452865
       27.0000000000        0.0000124124        0.0000000000
       27.0000000000        0.0000113504        0.0000000000
       27.0000000000        0.0000114786        0.0000000000
       27.0000000000        0.0000107415        0.0000000000
       27.0000000000        0.0001467569        0.0000000000
       27.0000000000        0.0000113121        0.0000000000
       27.0000000000        0.0001468454        0.0000000000
       27.0000000000        0.0001989511        0.0326850303
       28.0000000000        0.0001181561        0.0337184407
       28.0000000000        0.0000122333        0.0000000000
       28.0000000000        0.0000110079        0.0000000000
       28.0000000000        0.0000110870        0.0000000000
       28.0000000000        0.0000102814        0.0000000000
       28.0000000000        0.0001467163        0.0000000000
       28.0000000000        0.0000108906        0.0000000000
       28.0000000000        0.0003442649        0.0000000000
       28.0000000000        0.0003213971        0.0330085233
       29.0000000000        0.0001181404        0.0344625078
       29.0000000000        0.0000121500        0.0000000000
       29.0000000000        0.0000106890        0.0000000000
       29.0000000000        0.0000107551        0.0000000000
       29.0000000000        0.0000098757        0.0000000000
       29.0000000000        0.0004590412        0.0000000000
       29.0000000000        0.0000103534        0.0000000000
       29.0000000000        0.0007394579        0.0000000000
       29.0000000000        0.0005820236        0.0329326354
       30.0000000000        0.0001180338        0.0351721421
       30.0000000000        0.0000122204        0.0000000000
       30.0000000000        0.0000103889        0.0000000000
       30.0000000000        0.0000104470        0.0000000000
       30.0000000000        0.0000095138        0.0000000000
       30.0000000000        0.0003997585        0.0000000000
       30.0000000000        0.0000099066        0.0000000000
       30.0000000000        0.0013979029        0.0000000000
       30.0000000000        0.0010556004        0.0316041447
       31.0000000000        0.0001179812        0.0358490795
       31.0000000000        0.0000127002        0.0000000000
       31.0000000000        0.0000100179        0.0000000000
       31.0000000000        0.0000100989        0.0000000000
       31.0000000000        0.0000091616        0.0000000000
       31.0000000000        0.0002249836        0.0000000000
       31.0000000000        0.0000083931        0.0000000000
       31.0000000000        0.0022306879        0.0000000000
       31.0000000000        0.0017686882        0.0282239839
       32.0000000000        0.0001181737        0.0364936888
       32.0000000000        0.0000136506        0.0000000000
       32.0000000000        0.0000096373        0.0000000000
       32.0000000000        0.0000097784        0.0000000000
       32.0000000000        0.0000088530        0.0000000000
       32.0000000000        0.0001853131        0.0000000000
       32.0000000000        0.0000056833        0.0000000000
       32.0000000000        0.0030591102        0.0000000000
       32.0000000000        0.0026678888        0.0212471839
       33.0000000000        0.0001189864        0.0371064171
       33.0000000000        0.0000160021        0.0000000000
       33.0000000000        0.0000094159        0.0000000000
       33.0000000000        0.0000095195        0.0000000000
       33.0000000000        0.0000085547        0.0000000000
       33.0000000000        0.0001669650        0.0000000000
       33.0000000000        0.0000015174        0.0000000000
       33.0000000000        0.0034224152        0.0375296772
       33.0000000000        0.0037223323        0.0081299497
       34.0000000000        0.0001210076        0.0376845524
       34.0000000000        0.0000210348        0.0000000000
       34.0000000000        0.0000092714        0.0000000000
       34.0000000000        0.0000092763        0.0000000000
       34.0000000000        0.0000082590        0.0000000000
       34.0000000000        0.0001540081        0.0000000000
       34.0000000000        0.0000018448        0.0000000000
       34.0000000000        0.0042150001        0.0279342905
       34.0000000000        0.0044327937        0.0000000000
       35.0000000000        0.0001254741        0.0382247716
       35.0000000000        0.0000307551        0.0000000000
       35.0000000000        0.0000090750        0.0000000000
       35.0000000000        0.0000090571        0.0000000000
       35.0000000000        0.0000079769        0.0000000000
       35.0000000000        0.0001440420        0.0000000000
       35.0000000000       -0.0000057356        0.0000000000
       35.0000000000        0.0049612927        0.0090812501
       35.0000000000        0.0045498722        0.0000000000
       36.0000000000        0.0001351486        0.0387391411
       36.0000000000        0.0000496033        0.0000000000
       36.0000000000        0.0000089097        0.0000000000
       36.0000000000        0.0000088533        0.0000000000
       36.0000000000        0.0000077525        0.0000000000
       36.0000000000        0.0001354374        0.0000000000
       36.0000000000       -0.0000142127        0.0000000000
       36.0000000000        0.0051664610        0.0000000000
       36.0000000000        0.0043525634        0.0370279215
       37.0000000000        0.0001505759        0.0000000000
       37.0000000000        0.0000838584        0.0000000000
       37.0000000000        0.0000087519        0.0000000000
       37.0000000000        0.0000086511        0.0000000000
       37.0000000000        0.0000075113        0.0000000000
       37.0000000000        0.0001274905        0.0000000000
       37.0000000000       -0.0000260502        0.0000000000
       37.0000000000        0.0047478785        0.0413613543
       37.0000000000        0.0048834561        0.0239982083
       38.0000000000        0.0001835633        0.0000000000
       38.0000000000        0.0001489704        0.0000000000
       38.0000000000        0.0000085964        0.0000000000
       38.0000000000        0.0000084907        0.0000000000
       38.0000000000        0.0000072892        0.0000000000
       38.0000000000        0.0001206778        0.0000000000
       38.0000000000       -0.0000365381        0.0000000000
       38.0000000000        0.0047849273        0.0327812769
       38.0000000000        0.0054930230        0.0041895653
       39.0000000000        0.0002376131        0.0000000000
       39.0000000000        0.0002488631        0.0000000000
       39.0000000000        0.0000084578        0.0000000000
       39.0000000000        0.0000083337        0.0000000000
       39.0000000000        0.0000070547        0.0000000000
       39.0000000000        0.0001143646        0.0000000000
       39.0000000000       -0.0000485101        0.0000000000
       39.0000000000        0.0051521675        0.0168830212
       39.0000000000        0.0052070550        0.0000000000
       40.0000000000        0.0003252779        0.0000000000
       40.0000000000        0.0004026990        0.0000000000
       40.0000000000        0.0000081492        0.0000000000
       40.0000000000        0.0000081822        0.0000000000
       40.0000000000        0.0000068601        0.0000000000
       40.0000000000        0.0001178048        0.0000000000
       40.0000000000       -0.0000609818        0.0000000000
       40.0000000000        0.0054941974        0.0004083597
       40.0000000000        0.0046632389        0.0394042321
       41.0000000000        0.0004590937        0.0000000000
       41.0000000000        0.0006217114        0.0000000000
       41.0000000000        0.0000077645        0.0000000000
       41.0000000000        0.0000080514        0.0000000000
       41.0000000000        0.0000066674        0.0000000000
       41.0000000000        0.0001078138        0.0000000000
       41.0000000000       -0.0000746473        0.0000000000
       41.0000000000        0.0049658851        0.0000000000
       41.0000000000        0.0049657818        0.0275625754
       42.0000000000        0.0006482081        0.0000000000
       42.0000000000        0.0009035080        0.0000000000
       42.0000000000        0.0000071312        0.0000000000
       42.0000000000        0.0000079142        0.0000000000
       42.0000000000        0.0000064807        0.0000000000
       42.0000000000        0.0000988036        0.0000000000
       42.0000000000       -0.0000885519        0.0000000000
       42.0000000000        0.0048245011        0.0369285718
       42.0000000000        0.0055085146        0.0073471768
       43.0000000000        0.0008913539        0.0392542928
       43.0000000000        0.0012265105        0.0000000000
       43.0000000000        0.0000062088        0.0000000000
       43.0000000000        0.0000077861        0.0000000000
       43.0000000000        0.0000063133        0.0000000000
       43.0000000000        0.0000925225        0.0000000000
       43.0000000000       -0.0001014664        0.0000000000
       43.0000000000        0.0050242354        0.0244981982
       43.0000000000        0.0053332268        0.0000000000
       44.0000000000        0.0011788666        0.0375530533
       44.0000000000        0.0015554925        0.0000000000
       44.0000000000        0.0000047221        0.0000000000
       44.0000000000        0.0000076021        0.0000000000
       44.0000000000        0.0000061468        0.0000000000
       44.0000000000        0.0000863539        0.0000000000
       44.0000000000       -0.0001142501        0.0000000000
       44.0000000000        0.0054598802        0.0051697851
       44.0000000000        0.0047864453        0.0407897942
       45.0000000000        0.0014827130        0.0349615701
       45.0000000000        0.0018561129        0.0000000000
       45.0000000000        0.0000027560        0.0000000000
       45.0000000000        0.0000075628        0.0000000000
       45.0000000000        0.0000059900        0.0000000000
       45.0000000000        0.0000800835        0.0000000000
       45.0000000000       -0.0001275149        0.0000000000
       45.0000000000        0.0053003297        0.0000000000
       45.0000000000        0.0048670589        0.0302511286
       46.0000000000        0.0017827637        0.0310386792
       46.0000000000        0.0020420177        0.0000000000
       46.0000000000        0.0000000440        0.0000000000
       46.0000000000        0.0000074235        0.0000000000
       46.0000000000        0.0000058428        0.0000000000
       46.0000000000        0.0000739520        0.0000000000
       46.0000000000       -0.0001407254        0.0000000000
       46.0000000000        0.0047594998        0.0405647345
       46.0000000000        0.0053971061        0.0110909510
       47.0000000000        0.0020681370        0.0253492296
       47.0000000000        0.0018877173        0.0377438031
       47.0000000000       -0.0000032099        0.0000000000
       47.0000000000        0.0000072994        0.0000000000
       47.0000000000        0.0000056953        0.0000000000
       47.0000000000        0.0000684093        0.0000000000
       47.0000000000       -0.0001522565        0.0000000000
       47.0000000000        0.0048989802        0.0322910435
       47.0000000000        0.0054388193        0.0000000000
       48.0000000000        0.0023456848        0.0174784437
       48.0000000000        0.0023430510        0.0339197144
       48.0000000000       -0.0000068608        0.0000000000
       48.0000000000        0.0000071740        0.0000000000
       48.0000000000        0.0000055592        0.0000000000
       48.0000000000        0.0000631820        0.0000000000
       48.0000000000       -0.0001627363        0.0000000000
       48.0000000000        0.0051856132        0.0167287905
       48.0000000000        0.0048322312        0.0420964435
       49.0000000000        0.0026483550        0.0065961038
       49.0000000000        0.0025577899        0.0264675952
       49.0000000000       -0.0000046438        0.0000000000
       49.0000000000        0.0000070486        0.0000000000
       49.0000000000        0.0000054343        0.0000000000
       49.0000000000        0.0000576699        0.0000000000
       49.0000000000       -0.0001715472        0.0394035280
       49.0000000000        0.0054898943        0.0005845680
       49.0000000000        0.0048375736        0.0329496264
       50.0000000000        0.0028115026        0.0000000000
       50.0000000000        0.0027506712        0.0167476796
       50.0000000000       -0.0000099350        0.0000000000
       50.0000000000        0.0000069069        0.0000000000
       50.0000000000        0.0000053121        0.0000000000
       50.0000000000        0.0000518452        0.0000000000
       50.0000000000       -0.0001852267        0.0379225239
       50.0000000000        0.0051698231        0.0000000000
       50.0000000000        0.0052597620        0.0157834850
       51.0000000000        0.0027623953        0.0000000000
       51.0000000000        0.0029804570        0.0041482989
       51.0000000000       -0.0000157496        0.0000000000
       51.0000000000        0.0000067674        0.0000000000
       51.0000000000        0.0000051796        0.0000000000
       51.0000000000        0.0000462011        0.0000000000
       51.0000000000       -0.0006052194        0.0358125083
       51.0000000000        0.0047043427        0.0379733816
       51.0000000000        0.0055483495        0.0002372039
       52.0000000000        0.0027407418        0.0000000000
       52.0000000000        0.0029722881        0.0000000000
       52.0000000000       -0.0000221983        0.0000000000
       52.0000000000        0.0000063733        0.0000000000
       52.0000000000        0.0000050831        0.0000000000
       52.0000000000        0.0000409523        0.0000000000
       52.0000000000       -0.0005711880        0.0485235974
       52.0000000000        0.0049433539        0.0283390991
       52.0000000000        0.0048894121        0.0000000000
       53.0000000000        0.0025077289        0.0405974947
       53.0000000000        0.0028808152        0.0000000000
       53.0000000000       -0.0000280031        0.0000000000
       53.0000000000        0.0000066788        0.0000000000
       53.0000000000        0.0000049640        0.0000000000
       53.0000000000        0.0000366079        0.0000000000
       53.0000000000       -0.0003187082        0.0345177166
       53.0000000000        0.0053156691        0.0107989777
       53.0000000000        0.0048204305        0.0355322622
       54.0000000000        0.0025881469        0.0365541577
       54.0000000000        0.0028282214        0.0000000000
       54.0000000000       -0.0000344300        0.0000000000
       54.0000000000        0.0000066983        0.0000000000
       54.0000000000        0.0000048575        0.0000000000
       54.0000000000        0.0000312309        0.0000000000
       54.0000000000       -0.0003030758        0.0321237408
       54.0000000000        0.0054101936        0.0000000000
       54.0000000000        0.0051398270        0.0204296242
       55.0000000000        0.0027434028        0.0299145896
       55.0000000000        0.0025677582        0.0393733345
       55.0000000000       -0.0000408155        0.0000000000
       55.0000000000        0.0000065961        0.0000000000
       55.0000000000        0.0000047488        0.0000000000
       55.0000000000        0.0000259592        0.0000000000
       55.0000000000       -0.0002898987        0.0296603721
       55.0000000000        0.0049251707        0.0000000000
       55.0000000000        0.0055884076        0.0017719037
       56.0000000000        0.0028654325        0.0205558147
       56.0000000000        0.0026472779        0.0350732021
       56.0000000000       -0.0000470396        0.0000000000
       56.0000000000        0.0000064689        0.0000000000
       56.0000000000        0.0000046500        0.0000000000
       56.0000000000        0.0000212869        0.0000000000
       56.0000000000       -0.0002806666        0.0268701315
       56.0000000000        0.0048324857        0.0368145891
       56.0000000000        0.0051607560        0.0000000000
       57.0000000000        0.0030374563        0.0081915837
       57.0000000000        0.0027973729        0.0282452367
       57.0000000000       -0.0000528468        0.0000000000
       57.0000000000        0.0000063678        0.0000000000
       57.0000000000        0.0000045530        0.0000000000
       57.0000000000        0.0000168504        0.0000000000
       57.0000000000       -0.0002720132        0.0237412658
       57.0000000000        0.0050074536        0.0254927948
       57.0000000000        0.0046565527        0.0377670377
       58.0000000000        0.0031014913        0.0000000000
       58.0000000000        0.0029134089        0.0188457165
       58.0000000000       -0.0000587839        0.0000000000
       58.0000000000        0.0000061050        0.0000000000
       58.0000000000        0.0000044663        0.0000000000
       58.0000000000        0.0000122188        0.0000000000
       58.0000000000       -0.0002624539        0.0202215575
       58.0000000000        0.0053840316        0.0074785161
       58.0000000000        0.0050215808        0.0249395538
       59.0000000000        0.0029624676        0.0000000000
       59.0000000000        0.0030893785        0.0066223387
       59.0000000000       -0.0000648947        0.0000000000
       59.0000000000        0.0000059651        0.0000000000
       59.0000000000        0.0000043740        0.0000000000
       59.0000000000        0.0000072094        0.0000000000
       59.0000000000       -0.0002505480        0.0162377618
       59.0000000000        0.0053535175        0.0000000000
       59.0000000000        0.0055603448        0.0049419142
       60.0000000000        0.0028700460        0.0000000000
       60.0000000000        0.0030942680        0.0000000000
       60.0000000000       -0.0000713485        0.0000000000
       60.0000000000        0.0000056438        0.0000000000
       60.0000000000        0.0000042886        0.0000000000
       60.0000000000        0.0000020735        0.0000000000
       60.0000000000       -0.0002347481        0.0117553668
       60.0000000000        0.0048906974        0.0000000000
       60.0000000000        0.0052659482        0.0000000000
